1 0.3949811320754717 0.5781052631578948 0.0692452830188679 0.38010526315789467
1 0.49456603773584906 0.5153157894736842 0.05237735849056602 0.24142105263157898
1 0.5853584905660377 0.4807894736842105 0.1052075471698113 0.3765789473684211
1 0.7299245283018868 0.5679473684210526 0.08362264150943406 0.23521052631578945
1 0.8110188679245283 0.5724210526315789 0.06822641509433956 0.2626842105263158
1 0.9004905660377358 0.577578947368421 0.07400000000000005 0.23584210526315783
1 0.9184150943396227 0.7808947368421053 0.16316981132075475 0.4381578947368421
1 0.2829433962264151 0.3911578947368421 0.07309433962264153 0.2717368421052631
1 0.21169811320754717 0.34926315789473683 0.0948679245283019 0.20031578947368422
1 0.17535849056603772 0.45226315789473687 0.04437735849056606 0.19578947368421046
1 0.1069811320754717 0.4844736842105263 0.13852830188679244 0.21063157894736848
1 0.14430188679245282 0.7863157894736842 0.28856603773584905 0.39305263157894743