1 0.6094181818181819 0.4521857923497268 0.05927272727272732 0.1668852459016393
1 0.6868 0.4636065573770492 0.07258181818181811 0.19579234972677587
1 0.7920363636363636 0.4261748633879781 0.10127272727272736 0.25453551912568306
1 0.9139272727272727 0.3685245901639344 0.06221818181818176 0.27273224043715844
1 0.9505090909090909 0.5568306010928962 0.09898181818181828 0.4854644808743169
1 0.3165818181818182 0.3753551912568306 0.0674909090909091 0.2136065573770492
1 0.2825090909090909 0.3960109289617486 0.08821818181818178 0.1820218579234973
1 0.2012 0.282568306010929 0.12363636363636364 0.4348087431693989
1 0.0645090909090909 0.32557377049180325 0.08458181818181817 0.23546448087431696
1 0.055563636363636364 0.5243169398907104 0.11112727272727273 0.4599453551912568
1 0.42727272727272725 0.4710382513661202 0.2727272727272727 0.8481420765027323