1 0.09353333333333332 0.2816666666666667 0.04259999999999999 0.14363095238095236
1 0.13369999999999999 0.29107142857142854 0.04520000000000001 0.19541666666666666
1 0.1743333333333333 0.25083333333333335 0.044933333333333346 0.13476190476190478
1 0.2452333333333333 0.31815476190476194 0.08679999999999997 0.34226190476190477
1 0.47396666666666665 0.2883928571428572 0.07383333333333325 0.29595238095238097
1 0.5590666666666667 0.34863095238095243 0.10703333333333338 0.3766666666666667
1 0.6916666666666667 0.3226785714285714 0.09073333333333343 0.41083333333333333
1 0.8508 0.3771428571428571 0.1201333333333333 0.4536309523809524
1 0.9666666666666667 0.6517857142857143 0.06 0.6964285714285714
1 0.03333333333333333 0.3910119047619047 0.06666666666666667 0.7819642857142858
1 0.09333333333333334 0.875 0.18666666666666668 0.23809523809523808