1 0.1320625 0.5538063439065108 0.150225 0.2941402337228715
1 0.2594375 0.5746410684474124 0.14387500000000003 0.2578964941569282
1 0.30791250000000003 0.46574290484140235 0.10750000000000004 0.19220367278797995
1 0.37792499999999996 0.46514190317195325 0.05028750000000002 0.1502003338898164
1 0.4212875 0.47721202003338903 0.05646249999999995 0.21514190317195325
1 0.551 0.479482470784641 0.057549999999999955 0.12692821368948243
1 0.5898125000000001 0.5656928213689483 0.07685000000000003 0.20288814691151916
1 0.6417375 0.5565776293823038 0.05875 0.1892654424040067
1 0.6970000000000001 0.5162103505843072 0.10161249999999995 0.21697829716193662
1 0.8146875 0.6095993322203672 0.14412499999999995 0.3314691151919866
1 0.9542 0.7097829716193655 0.09159999999999996 0.5408514190317195
1 0.4671125 0.5425709515859767 0.030900000000000035 0.07991652754590986