1 0.4839875 0.29428909952606636 0.04725624999999994 0.1463981042654028
1 0.5775312499999999 0.3140521327014218 0.055243750000000064 0.1476777251184834
1 0.6181375 0.3291232227488151 0.030524999999999948 0.12520142180094784
1 0.654675 0.3723222748815166 0.05566249999999997 0.20204976303317532
1 0.44900625 0.2800236966824644 0.037837499999999975 0.10351895734597154
1 0.4300875 0.3837203791469194 0.07567499999999995 0.2583175355450237
1 0.33899375 0.4831990521327014 0.10190624999999998 0.3141350710900474
1 0.24418125 0.4916469194312796 0.11384999999999998 0.3689691943127962
1 0.1687125 0.5801303317535546 0.09526874999999999 0.4981042654028435
1 0.09131249999999999 0.6961611374407582 0.1194 0.5609597156398105
1 0.03464375 0.76239336492891 0.0692875 0.47520142180094777
1 0.8706499999999999 0.691350710900474 0.21320625000000007 0.6172985781990521