1 0.0753147877013177 0.55552734375 0.08720351390922401 0.47650390625000005
1 0.5016251830161055 0.47509765625 0.04669106881405562 0.1789453125
1 0.5821522693997072 0.52208984375 0.11989751098096631 0.3315234375
1 0.6591068814055637 0.40869140625 0.0883308931185945 0.17632812499999995
1 0.7381698389458272 0.39001953125 0.07076134699853594 0.11294921874999997
1 0.786398243045388 0.46697265625 0.1330746705710103 0.19521484374999998
1 0.7655783308931186 0.6676171875 0.09142020497803814 0.29052734375
1 0.8526939970717423 0.69734375 0.06556368960468517 0.20675781250000003
1 0.9377745241581259 0.8173828125 0.12445095168374817 0.365234375
1 0.4520937042459736 0.3956640625 0.05986822840409954 0.25445312500000006
1 0.4063836017569546 0.6586328125 0.15389458272327966 0.6827343749999999
1 0.2713469985358712 0.5958984375 0.09857979502196192 0.53119140625
1 0.180497803806735 0.59361328125 0.0876866764275256 0.546171875
1 0.07695461200585652 0.83611328125 0.15389458272327966 0.3277734375000001