1 0.87294921875 0.6643777452415812 0.2222656249999999 0.1620937042459737
1 0.943359375 0.8704245973645681 0.11328125 0.24743777452415813
1 0.9615625 0.577701317715959 0.07685546875000004 0.16342606149341143
1 0.90591796875 0.5293997071742313 0.06712890625000001 0.10713030746705704
1 0.811015625 0.5583601756954613 0.11033203125000002 0.14715959004392384
1 0.0730859375 0.6266764275256222 0.10435546875000001 0.22554904831625178
1 0.0672265625 0.8052415812591508 0.13443359375000002 0.2056368960468522
1 0.1473828125 0.5825475841874085 0.1175 0.10906295754026356
1 0.22146484375 0.5536456808199122 0.112734375 0.14445095168374814
1 0.29755859375 0.537891654465593 0.12787109374999997 0.22524158125915086
1 0.44353515625 0.568125915080527 0.11074218749999998 0.14235724743777456
1 0.74259765625 0.5260322108345534 0.027285156250000053 0.149692532942899
1 0.60765625 0.47257686676427524 0.0740820312499999 0.16819912152269398