0 0.30833333333333335 0.7851851851851852 0.15104166666666666 0.42592592592592593
0 0.48671875 0.4366388888888889 0.027755208333333316 0.06084259259259263
0 0.45773958333333337 0.45575 0.03154687499999997 0.08716666666666666
0 0.44248437500000004 0.4701018518518518 0.04717187499999997 0.12512962962962962
0 0.422546875 0.5186481481481481 0.06383854166666664 0.15079629629629626
0 0.40163541666666663 0.5744722222222222 0.09196354166666663 0.2518518518518518
0 0.58496875 0.39741666666666664 0.04791666666666667 0.05250925925925929
0 0.5905885416666667 0.45767592592592593 0.027156249999999934 0.0896851851851852
0 0.6099322916666666 0.433 0.03608854166666665 0.10515740740740735
0 0.6328854166666668 0.4384907407407407 0.042557291666666684 0.13862037037037034
0 0.6825885416666666 0.5092592592592593 0.07946354166666675 0.2246018518518518
0 0.647171875 0.43425925925925923 0.017557291666666686 0.061379629629629597