0 0.73125 0.7287037037037037 0.3145833333333333 0.5407407407407407
0 0.4739583333333333 0.6273148148148148 0.10625 0.2712962962962963
0 0.3307291666666667 0.7013888888888888 0.14583333333333334 0.41574074074074074
0 0.19739583333333333 0.725 0.20208333333333334 0.5462962962962963
0 0.28619791666666666 0.7314814814814815 0.18802083333333333 0.5333333333333333
0 0.698125 0.5233333333333334 0.04208333333333343 0.11259259259259256
0 0.7204166666666667 0.5344444444444445 0.04916666666666671 0.19407407407407404
0 0.5791666666666667 0.5628981481481481 0.048213541666666755 0.13213888888888892
0 0.53028125 0.510712962962963 0.044197916666666615 0.12434259259259256
0 0.5209843749999999 0.5601851851851852 0.04791666666666667 0.15978703703703698
0 0.4805052083333334 0.5358425925925926 0.0413697916666667 0.13756481481481475
0 0.4638385416666667 0.5387592592592593 0.04375 0.12222222222222222