0 0.23932291666666666 0.7587962962962963 0.1453125 0.4787037037037037
0 0.58046875 0.5467592592592593 0.17239583333333333 0.3212962962962963
0 0.36328125 0.5537037037037037 0.1328125 0.3314814814814815
0 0.357765625 0.44562037037037033 0.03371354166666667 0.17037037037037037
0 0.3939375 0.4465462962962963 0.018937499999999947 0.1537037037037037
0 0.4340885416666667 0.3907407407407407 0.0386354166666667 0.12121296296296294
0 0.44105208333333334 0.46590740740740744 0.04214062500000004 0.19578703703703698
0 0.5515156250000001 0.4136388888888889 0.0272708333333334 0.09292592592592594
0 0.5709270833333334 0.4133796296296296 0.026328125000000095 0.10421296296296292
0 0.5955989583333333 0.40925925925925927 0.033046874999999906 0.1111111111111111
0 0.5820572916666666 0.5310648148148148 0.07926041666666658 0.08703703703703704