0 0.16015625 0.6592592592592592 0.3182291666666667 0.6777777777777778
0 0.41041666666666665 0.6111111111111112 0.12916666666666668 0.5203703703703704
0 0.9484375 0.5574074074074075 0.10208333333333333 0.2518518518518518
0 0.8644791666666667 0.5748148148148148 0.08937499999999995 0.2822222222222222
0 0.80125 0.5255555555555556 0.06083333333333343 0.19111111111111115
0 0.7672916666666667 0.5233333333333334 0.06375000000000004 0.21629629629629626
0 0.7172916666666667 0.5196296296296297 0.06375000000000004 0.2385185185185185
0 0.675625 0.5911111111111111 0.08041666666666672 0.2851851851851852
0 0.6378125 0.5903703703703704 0.08604166666666657 0.2688888888888888
0 0.6108333333333333 0.5816666666666667 0.08833333333333329 0.24777777777777774
0 0.5604166666666667 0.5594444444444445 0.07916666666666666 0.3959259259259259
0 0.4953125 0.5712962962962963 0.07604166666666666 0.5233333333333334
0 0.243125 0.6040740740740741 0.16541666666666668 0.3925925925925926