0 0.2908854166666667 0.7657407407407407 0.1484375 0.4648148148148148
0 0.63046875 0.5388888888888889 0.13072916666666667 0.32407407407407407
0 0.47018229166666664 0.4133148148148148 0.023697916666666666 0.06944444444444445
0 0.45533854166666665 0.42975 0.025260416666666667 0.07453703703703704
0 0.4383489583333333 0.41041666666666665 0.031640625 0.07060185185185185
0 0.42411979166666663 0.4386574074074074 0.037692708333333276 0.10856481481481481
0 0.39371875 0.4582222222222222 0.061526041666666725 0.15925925925925927
0 0.3590520833333333 0.4798055555555556 0.060546875 0.1642407407407408
0 0.5670572916666666 0.3648148148148148 0.024739583333333332 0.0349537037037037
0 0.5764322916666667 0.4234351851851852 0.02265625 0.08160185185185184
0 0.5963229166666667 0.42512037037037037 0.016213541666666723 0.10231481481481482
0 0.616015625 0.4134259259259259 0.031510416666666666 0.1275462962962963