0 0.34869791666666666 0.7212962962962963 0.14635416666666667 0.43148148148148147
0 0.48984375 0.6375 0.10677083333333333 0.27314814814814814
0 0.7450520833333333 0.7356481481481482 0.3223958333333333 0.5268518518518519
0 0.2140625 0.7310185185185185 0.19895833333333332 0.5342592592592592
0 0.3 0.7375 0.190625 0.5212962962962963
0 0.4666666666666667 0.5498148148148148 0.025 0.0955555555555556
0 0.49098958333333337 0.5575 0.04135416666666671 0.15722222222222218
0 0.5277083333333333 0.5891666666666666 0.030416666666666713 0.17981481481481484
0 0.550625 0.5794444444444444 0.03875000000000005 0.16962962962962966
0 0.5865104166666666 0.5811111111111111 0.05947916666666657 0.16925925925925922
0 0.7043750000000001 0.5309259259259259 0.029583333333333427 0.10962962962962972
0 0.7378125 0.5726851851851852 0.05270833333333324 0.1801851851851851