0 0.16510416666666666 0.7166666666666667 0.32916666666666666 0.5648148148148148
0 0.42161458333333335 0.7231481481481481 0.12864583333333332 0.5222222222222223
0 0.9557291666666666 0.6657407407407407 0.0875 0.2611111111111111
0 0.27239583333333334 0.6911111111111111 0.146875 0.36666666666666664
0 0.5067708333333333 0.6916666666666667 0.053125 0.5196296296296296
0 0.5758333333333333 0.600925925925926 0.05999999999999991 0.3307407407407408
0 0.6366666666666667 0.6729629629629629 0.08166666666666676 0.3081481481481481
0 0.6751041666666667 0.6361111111111111 0.03979166666666671 0.21592592592592597
0 0.70125 0.6285185185185185 0.052500000000000095 0.26370370370370366
0 0.7285416666666666 0.6311111111111112 0.04458333333333329 0.23185185185185195
0 0.7655208333333333 0.6024074074074074 0.07062499999999995 0.304074074074074
0 0.8171875 0.6364814814814814 0.057291666666666664 0.2833333333333333
0 0.88125 0.6770370370370371 0.0875 0.4274074074074074