0 0.35390625 0.7222222222222222 0.14739583333333334 0.43333333333333335
0 0.49375 0.6375 0.10625 0.27314814814814814
0 0.7484375 0.7351851851851852 0.3229166666666667 0.5277777777777778
0 0.21822916666666667 0.7310185185185185 0.19895833333333332 0.5342592592592592
0 0.30572916666666666 0.7375 0.1875 0.5231481481481481
0 0.47835937500000003 0.5580833333333334 0.018276041666666624 0.1393981481481481
0 0.5005677083333333 0.5683518518518519 0.04658854166666669 0.18350000000000005
0 0.5276041666666667 0.5617037037037037 0.029640624999999983 0.14158333333333342
0 0.5551614583333334 0.5448611111111111 0.03361979166666676 0.12137962962962956
0 0.5918072916666667 0.5868703703703704 0.040625 0.1531944444444445
0 0.710703125 0.5351018518518518 0.029354166666666733 0.09512037037037038
0 0.7448854166666667 0.5728981481481482 0.05416666666666667 0.16902777777777775