0 0.24036458333333333 0.6421296296296296 0.26197916666666665 0.7046296296296296
0 0.07994791666666666 0.725925925925926 0.15989583333333332 0.5444444444444444
0 0.9064583333333334 0.4464814814814815 0.1337500000000001 0.4588888888888889
0 0.8430208333333333 0.387037037037037 0.0756249999999999 0.26962962962962966
0 0.8017708333333334 0.3712962962962963 0.059791666666666764 0.2862962962962963
0 0.775 0.38037037037037036 0.08333333333333333 0.2118518518518519
0 0.7492708333333333 0.39759259259259255 0.04645833333333324 0.21296296296296297
0 0.7233333333333333 0.3807407407407407 0.04666666666666662 0.19037037037037038
0 0.7009375 0.45666666666666667 0.049791666666666616 0.2903703703703704
0 0.6817708333333333 0.24592592592592594 0.06979166666666667 0.21703703703703703
0 0.5802083333333333 0.4244444444444444 0.03958333333333333 0.32222222222222224
0 0.5229166666666667 0.37648148148148153 0.0625 0.3114814814814814
0 0.47593749999999996 0.3925925925925926 0.09979166666666663 0.3622222222222223
0 0.38625000000000004 0.46166666666666667 0.08083333333333335 0.2744444444444444
0 0.3759375 0.4727777777777778 0.09145833333333328 0.3114814814814814
0 0.3422916666666667 0.38814814814814813 0.08875000000000005 0.27925925925925926
0 0.31666666666666665 0.42166666666666663 0.10833333333333334 0.31296296296296294
0 0.25427083333333333 0.402037037037037 0.10645833333333332 0.37