0 0.55390625 0.637962962962963 0.1078125 0.2796296296296296
0 0.2830729166666667 0.7337962962962963 0.19427083333333334 0.5287037037037037
0 0.41744791666666664 0.7263888888888889 0.1421875 0.44166666666666665
0 0.36822916666666666 0.7375 0.16666666666666666 0.5212962962962963
0 0.7973958333333333 0.7476851851851852 0.3697916666666667 0.5027777777777778
0 0.35 0.6431481481481481 0.06666666666666667 0.31148148148148136
0 0.5565625 0.5509259259259259 0.08187499999999996 0.16407407407407412
0 0.8064583333333334 0.5525925925925925 0.09208333333333343 0.25259259259259254
0 0.5815625 0.5481481481481482 0.0318749999999999 0.12518518518518523
0 0.611875 0.5700000000000001 0.04458333333333329 0.13185185185185194
0 0.6540625 0.549074074074074 0.06020833333333329 0.1381481481481482
0 0.7695833333333333 0.5309259259259259 0.0474999999999999 0.10925925925925926