0 0.2638020833333333 0.7583333333333333 0.1421875 0.47962962962962963
0 0.6083333333333333 0.5541666666666667 0.14479166666666668 0.3194444444444444
0 0.43819270833333335 0.41921296296296295 0.05694270833333329 0.12669444444444444
0 0.40520833333333334 0.4166666666666667 0.043057291666666705 0.1293240740740741
0 0.38667708333333334 0.44166666666666665 0.053734375000000036 0.1978425925925926
0 0.36666666666666664 0.51875 0.10139062500000004 0.30416666666666664
0 0.5997395833333333 0.4056296296296296 0.03454687499999996 0.12423148148148144
0 0.6491302083333333 0.4131203703703704 0.04479166666666667 0.13148148148148153
0 0.5838958333333333 0.4097222222222222 0.024567708333333372 0.0753055555555556
0 0.571484375 0.43425925925925923 0.022307291666666628 0.08425925925925926
0 0.5588541666666667 0.42484259259259255 0.03090104166666663 0.1055555555555555