0 0.2559895833333333 0.7625 0.1453125 0.47129629629629627
0 0.6028645833333334 0.5527777777777778 0.1515625 0.32037037037037036
0 0.4685885416666667 0.4143888888888889 0.04615624999999994 0.12193518518518513
0 0.43401562499999996 0.4257870370370371 0.0467135416666667 0.10484259259259261
0 0.44571354166666666 0.43254629629629626 0.038062499999999964 0.11979629629629623
0 0.400359375 0.43254629629629626 0.053125 0.13689814814814813
0 0.3796875 0.45362962962962966 0.05344791666666661 0.17905555555555555
0 0.352484375 0.4740740740740741 0.0751614583333333 0.21566666666666667
0 0.5483958333333334 0.38946296296296296 0.02628125000000002 0.06923148148148146
0 0.5613802083333332 0.4210833333333333 0.03301041666666672 0.08689814814814817
0 0.5785260416666667 0.42521296296296296 0.02564062500000001 0.09230555555555561
0 0.6020416666666667 0.4294907407407408 0.054244791666666715 0.14643518518518522