0 0.5161458333333333 0.6333333333333333 0.10625 0.2759259259259259
0 0.37552083333333336 0.7166666666666667 0.15 0.42962962962962964
0 0.24140625 0.7296296296296296 0.19739583333333333 0.5370370370370371
0 0.7708333333333334 0.7277777777777777 0.33541666666666664 0.5425925925925926
0 0.32578125 0.7356481481481482 0.1859375 0.5268518518518519
0 0.7653645833333333 0.5611111111111111 0.049479166666666664 0.11296296296296296
0 0.49375 0.5546296296296296 0.029166666666666667 0.1566666666666667
0 0.5211458333333333 0.5692592592592592 0.05270833333333336 0.2044444444444444
0 0.5495833333333333 0.5581481481481481 0.03250000000000005 0.16740740740740737
0 0.5766666666666667 0.5898148148148148 0.036666666666666715 0.19000000000000003
0 0.6167708333333334 0.5785185185185184 0.05645833333333338 0.17111111111111107
0 0.7376041666666667 0.5168518518518519 0.02312500000000005 0.0959259259259259