0 0.25494791666666666 0.7611111111111111 0.1390625 0.4740740740740741
0 0.6005208333333333 0.5532407407407407 0.14791666666666667 0.3194444444444444
0 0.3729166666666667 0.5578703703703703 0.12916666666666668 0.33055555555555555
0 0.43092708333333335 0.42322222222222217 0.05096354166666662 0.11111111111111106
0 0.4419895833333333 0.3601111111111111 0.03782291666666673 0.06182407407407406
0 0.41626562500000003 0.44387037037037036 0.06490624999999994 0.16666666666666666
0 0.39407291666666666 0.4517777777777778 0.0830104166666666 0.20100000000000004
0 0.5488802083333333 0.40669444444444447 0.040062500000000036 0.0837592592592593
0 0.5567708333333333 0.42671296296296296 0.026203124999999973 0.08248148148148152
0 0.5758802083333333 0.4048425925925926 0.01746874999999998 0.0772037037037037
0 0.5924270833333334 0.43069444444444444 0.03501562500000001 0.13603703703703704
0 0.6195937499999999 0.4227962962962963 0.020432291666666675 0.11880555555555551