0 0.24088541666666666 0.7800925925925926 0.13802083333333334 0.4361111111111111
0 0.58828125 0.5949074074074074 0.14427083333333332 0.3194444444444444
0 0.4338125 0.4658148148148148 0.03515625 0.09645370370370367
0 0.41792708333333334 0.4615740740740741 0.03984375 0.1111111111111111
0 0.39131770833333335 0.47453703703703703 0.06389062500000003 0.12469444444444445
0 0.36328125 0.47962962962962963 0.044270833333333336 0.13178703703703704
0 0.336328125 0.5037777777777778 0.09192708333333334 0.16002777777777777
0 0.551390625 0.46488888888888885 0.03333333333333333 0.09460185185185181
0 0.5643229166666667 0.4527037037037037 0.0296875 0.09799074074074078
0 0.5877187500000001 0.45740740740740743 0.03567708333333333 0.1058611111111111
0 0.6289479166666666 0.46867592592592594 0.05043229166666663 0.1253055555555556