0 0.5015625 0.638425925925926 0.10625 0.27685185185185185
0 0.35989583333333336 0.7282407407407407 0.14479166666666668 0.44166666666666665
0 0.22682291666666668 0.7319444444444444 0.19739583333333333 0.5324074074074074
0 0.7580729166666667 0.7402777777777778 0.3234375 0.5175925925925926
0 0.3151041666666667 0.7430555555555556 0.17916666666666667 0.5101851851851852
0 0.48072916666666665 0.5486666666666666 0.02280208333333332 0.11131481481481484
0 0.5042239583333333 0.556888888888889 0.04895833333333333 0.16070370370370365
0 0.5364010416666667 0.5493796296296297 0.03923437499999996 0.10658333333333324
0 0.5608229166666666 0.5773703703703703 0.04409895833333337 0.17077777777777783
0 0.5944427083333333 0.5697500000000001 0.06389062500000003 0.1596666666666667
0 0.7109375 0.5409444444444444 0.045718750000000107 0.11028703703703695
0 0.7401041666666667 0.5646111111111111 0.06238541666666677 0.1699629629629629