0 0.8390625 0.6356481481481482 0.32083333333333336 0.725
0 0.28203125 0.6893518518518519 0.2630208333333333 0.5657407407407408
0 0.4010416666666667 0.5995370370370371 0.17291666666666666 0.5564814814814815
0 0.5 0.5300925925925926 0.10625 0.38796296296296295
0 0.4609375 0.5708333333333333 0.11979166666666667 0.3972222222222222
0 0.81328125 0.36342592592592593 0.030729166666666665 0.12685185185185185
0 0.7747395833333334 0.39675925925925926 0.0328125 0.24166666666666667
0 0.18828125 0.6787037037037037 0.2838541666666667 0.6351851851851852
0 0.7291666666666666 0.3907407407407407 0.06666666666666667 0.17333333333333337
0 0.6361458333333334 0.35703703703703704 0.04104166666666676 0.09851851851851849
0 0.6871875000000001 0.44111111111111106 0.06395833333333342 0.15555555555555556
0 0.6535416666666667 0.44981481481481483 0.11124999999999995 0.28037037037037044