0 0.3458333333333333 0.7402777777777778 0.146875 0.31203703703703706
0 0.7536458333333333 0.7347222222222223 0.2677083333333333 0.5268518518518519
0 0.10364583333333334 0.7601851851851852 0.20729166666666668 0.4759259259259259
0 0.3729166666666667 0.6625 0.10208333333333333 0.2601851851851852
0 0.8807291666666667 0.7689814814814815 0.2375 0.4601851851851852
0 0.7138020833333333 0.6990740740740741 0.1359375 0.31666666666666665
0 0.541875 0.5587037037037037 0.0879166666666667 0.3351851851851852
0 0.4704166666666667 0.5633333333333334 0.08250000000000005 0.2222222222222222
0 0.57375 0.4975925925925926 0.0474999999999999 0.2351851851851852
0 0.6051041666666667 0.5 0.049791666666666616 0.2807407407407408
0 0.7034374999999999 0.575925925925926 0.07979166666666657 0.23259259259259263