0 0.11302083333333333 0.7439814814814815 0.225 0.5083333333333333
0 0.36484375 0.7375 0.15572916666666667 0.30648148148148147
0 0.5564583333333334 0.5581481481481481 0.09208333333333336 0.35999999999999993
0 0.4203125 0.7081481481481481 0.14270833333333333 0.4081481481481481
0 0.7629166666666667 0.6342592592592593 0.07583333333333328 0.2270370370370371
0 0.9133333333333333 0.7640740740740741 0.10166666666666657 0.39407407407407397
0 0.8344791666666667 0.6055555555555555 0.08770833333333337 0.37333333333333335
0 0.7116666666666667 0.6129629629629629 0.08166666666666676 0.22518518518518524
0 0.6188541666666667 0.53 0.027291666666666714 0.2222222222222222
0 0.5846874999999999 0.4583333333333333 0.050624999999999906 0.1492592592592593
0 0.4813541666666667 0.5612962962962963 0.06062500000000005 0.22185185185185183