0 0.2359375 0.6865740740740741 0.353125 0.6231481481481481
0 0.8309895833333333 0.6481481481481481 0.3359375 0.7
0 0.4859375 0.5435185185185185 0.10833333333333334 0.3814814814814815
0 0.7190104166666667 0.42083333333333334 0.05572916666666667 0.23055555555555557
0 0.39427083333333335 0.6185185185185185 0.17395833333333333 0.5407407407407407
0 0.4453125 0.5828703703703704 0.12291666666666666 0.39351851851851855
0 0.7520833333333333 0.6666666666666666 0.23958333333333334 0.5018518518518519
0 0.7927083333333333 0.38287037037037036 0.029166666666666667 0.11944444444444445
0 0.6347916666666666 0.395 0.03208333333333328 0.10407407407407405
0 0.6197916666666666 0.4053703703703704 0.04375 0.12481481481481488
0 0.6245833333333334 0.47962962962962963 0.09083333333333338 0.2844444444444445
0 0.21708333333333335 0.5981481481481481 0.1675 0.402962962962963