0 0.10989583333333333 0.7458333333333333 0.21979166666666666 0.5046296296296297
0 0.35651041666666666 0.736574074074074 0.14635416666666667 0.30092592592592593
0 0.3815104166666667 0.6620370370370371 0.1015625 0.26296296296296295
0 0.9286458333333333 0.7881481481481482 0.14270833333333333 0.42370370370370364
0 0.8254166666666667 0.5933333333333333 0.10916666666666662 0.36370370370370364
0 0.7776041666666667 0.6337037037037037 0.103125 0.24444444444444444
0 0.7129166666666666 0.6424074074074073 0.07583333333333328 0.2803703703703703
0 0.5428125 0.5431481481481482 0.05437500000000005 0.34851851851851845
0 0.6244791666666667 0.5111111111111111 0.034375 0.1992592592592593
0 0.5888541666666666 0.504074074074074 0.042291666666666575 0.2518518518518518
0 0.48666666666666664 0.5861111111111111 0.08166666666666664 0.2418518518518519