0 0.2864583333333333 0.7050925925925926 0.30416666666666664 0.5879629629629629
0 0.49244791666666665 0.7078703703703704 0.21927083333333333 0.5805555555555556
0 0.4114583333333333 0.7453703703703703 0.23645833333333333 0.5074074074074074
0 0.76796875 0.6791666666666667 0.20989583333333334 0.47685185185185186
0 0.9770833333333333 0.586574074074074 0.04479166666666667 0.19166666666666668
0 0.030208333333333334 0.8967592592592593 0.06041666666666667 0.20462962962962963
0 0.7470833333333334 0.5120370370370371 0.06916666666666677 0.2270370370370371
0 0.7859375 0.47555555555555556 0.04479166666666667 0.2762962962962962
0 0.8103125 0.4938888888888889 0.04770833333333328 0.21296296296296297
0 0.8658333333333333 0.5192592592592592 0.08833333333333329 0.25999999999999995
0 0.9307291666666667 0.4968518518518519 0.03854166666666667 0.23370370370370375
0 0.9570833333333333 0.46555555555555556 0.03916666666666657 0.14518518518518525
0 0.9854166666666667 0.4559259259259259 0.029166666666666667 0.25925925925925924