0 0.11072916666666667 0.5603703703703704 0.09854166666666667 0.4385185185185185
0 0.21687499999999998 0.6314814814814815 0.14624999999999996 0.4918518518518519
0 0.3625 0.5122222222222222 0.1 0.3718518518518518
0 0.4263541666666667 0.5224074074074074 0.07562500000000003 0.3662962962962963
0 0.49635416666666665 0.5107407407407407 0.09229166666666663 0.4133333333333333
0 0.6024999999999999 0.41833333333333333 0.04666666666666662 0.22481481481481488
0 0.6294791666666666 0.365 0.04437499999999991 0.11814814814814817
0 0.6583333333333333 0.4461111111111111 0.058333333333333334 0.18407407407407414
0 0.7352083333333332 0.3972222222222222 0.07458333333333324 0.29370370370370374
0 0.7858333333333333 0.34185185185185185 0.04666666666666662 0.17925925925925928
0 0.9107291666666666 0.5746296296296296 0.146875 0.5966666666666666
0 0.8285416666666666 0.45166666666666666 0.09458333333333328 0.335925925925926